Temp. o C
-40
-39
-38
-37
-36
-35
-34
-33
-32
-31
-30
-29
-28
-27
-26
-25
-24
-23
-22
-21
-20
-19
-18
-17
-16
-15
-14
-13
-12
-11
-10
-9
-8
-7
-6
-5
-4
-3
-2
-1
0
Ohms
336103.2
314558.0
294529.1
275900.8
258567.0
242430.2
227400.9
213396.6
200341.4
188165.5
176804.8
166199.8
156296.1
147043.2
138394.7
130307.6
122742.3
115662.2
109033.4
102824.6
97006.9
91553.3
86439.2
81641.4
77138.6
72911.1
68940.4
65209.7
61702.9
58405.5
55303.9
52385.2
49637.8
47050.6
44613.4
42316.7
40151.6
38110.0
36184.0
34366.6
32650.9
Temp. o C
1
2
3
4
5
6
7
8
9
10
11
12
13
14
15
16
17
18
19
20
21
22
23
24
25
26
27
28
29
30
31
32
33
34
35
36
37
38
39
40
41
Ohms
31030.8
29500.5
28054.4
26687.5
25395.0
24172.5
23015.9
21921.2
20884.7
19903.2
18973.3
18092.2
17256.9
16464.9
15713.7
15000.9
14324.5
13682.3
13072.6
12493.3
11943.0
11419.9
10922.7
10449.8
10000.0
9572.0
9164.7
8777.0
8407.7
8056.1
7721.0
7401.7
7097.3
6807.1
6530.3
6266.2
6014.3
5773.8
5544.2
5325.0
5115.6
SENSOR SOLUTIONS ///MICRO-BETACHIP (MCD)
Temp. o C
42
43
44
45
46
47
48
49
50
51
52
53
54
55
56
57
58
59
60
61
62
63
64
65
66
67
68
69
70
71
72
73
74
75
76
77
78
79
80
81
82
83
09/2015
Ohms
4915.6
4724.4
4541.7
4367.0
4200.0
4040.2
3887.4
3741.1
3601.1
3467.0
3338.7
3215.8
3098.0
2985.2
2877.0
2773.3
2673.9
2578.6
2487.1
2399.4
2315.2
2234.4
2156.8
2082.3
2010.8
1942.1
1876.0
1812.6
1751.6
1693.0
1636.6
1582.4
1530.2
1480.1
1431.8
1385.3
1340.6
1297.5
1256.1
1216.1
1177.7
1140.6
Temp. o C
84
85
86
87
88
89
90
91
92
93
94
95
96
97
98
99
100
101
102
103
104
105
106
107
108
109
110
111
112
113
114
115
116
117
118
119
120
121
122
123
124
125
Ohms
1104.9
1070.5
1037.3
1005.3
974.4
944.7
916.0
888.3
861.5
835.8
810.9
786.8
763.6
741.2
719.6
698.6
678.4
658.9
640.0
621.8
604.2
587.1
570.6
554.6
539.2
524.3
509.8
495.9
482.3
469.2
456.5
444.2
432.3
420.8
409.7
398.8
388.4
378.2
368.3
358.8
349.5
340.6
